2 0.1097972972972973 0.8072916666666666 0.05067567567567568 0.3125
2 0.21114864864864866 0.7942708333333334 0.05067567567567568 0.3385416666666667
2 0.4856418918918919 0.7747395833333334 0.05912162162162162 0.3255208333333333
2 0.5785472972972973 0.7942708333333334 0.05912162162162162 0.3385416666666667
2 0.7432432432432432 0.78125 0.05067567567567568 0.3385416666666667
2 0.8361486486486487 0.78125 0.05067567567567568 0.3125
3 0.23226351351351351 0.2994791666666667 0.46452702702702703 0.5989583333333334
3 0.7322635135135135 0.2994791666666667 0.535472972972973 0.5989583333333334
4 0.13091216216216217 0.16276041666666666 0.16047297297297297 0.1953125
4 0.3885135135135135 0.22786458333333334 0.10135135135135136 0.1953125
4 0.8150337837837838 0.2734375 0.19425675675675674 0.234375